0	0	0	1	0	1	0	1
12	1504	320	53	2	3	4	11	12
12	1868	400	53	4	4	5	14	15
12	1984	336	53	2	3	4	15	16
15	2096	368	57	3	5	16	17
4	336	304	32	3	4	2	3
4	352	304	32	3	4	2	3
4	368	304	32	3	4	2	3
4	416	272	32	2	3	3	4
4	432	272	32	2	3	3	4
4	448	272	32	2	3	3	4
4	768	304	32	3	4	6	7
4	784	304	32	3	4	6	7
4	800	304	32	3	4	6	7
4	848	272	32	2	3	6	7
4	864	272	32	2	3	6	7
4	880	272	32	2	3	6	7
4	1328	288	32	3	4	10	11
4	1344	288	32	3	4	10	11
4	1360	288	32	3	4	10	11
4	1504	272	32	2	3	11	12
4	1504	288	32	3	4	11	12
4	1504	304	32	3	4	11	12
4	1504	320	32	3	4	11	12
4	1504	336	32	3	4	11	12
4	1504	352	32	3	4	11	12
4	1504	368	32	3	4	11	12
4	1504	400	32	4	5	11	12
4	1888	304	32	3	4	14	15
4	1904	304	32	3	4	14	15
4	1920	304	32	3	4	15	16
2	0	352	11	10	5	0	3	5	0	2
2	160	432	11	161	1	0	4	5	1	22
2	1920	400	11	8	2	0	4	5	15	16
2	1936	368	11	2	2	0	3	5	15	16
2	1968	368	11	3	2	0	3	5	15	16
2	2032	240	11	1	10	0	2	5	15	16
2	2064	416	11	32	1	0	4	5	16	21
3	1936	336	14	1	1	2200	350	0	3	4	15	16
3	2192	384	14	2	0	0	0	0	4	5	17	18
1	224	352	13	4	0	0	3	4	1	2
1	240	352	13	4	0	0	3	4	1	2
1	256	352	13	4	0	0	3	4	2	3
1	272	352	13	4	0	0	3	4	2	3
1	384	336	13	4	0	0	3	4	3	4
1	400	336	13	4	0	0	3	4	3	4
1	416	336	13	4	0	0	3	4	3	4
1	432	336	13	4	0	0	3	4	3	4
1	448	336	13	4	0	0	3	4	3	4
1	608	288	13	4	0	0	3	4	4	5
1	624	288	13	4	0	0	3	4	4	5
1	640	288	13	4	1	1	3	4	5	6
1	656	288	13	4	0	0	3	4	5	6
1	640	368	13	4	0	0	3	4	5	6
1	656	368	13	4	0	0	3	4	5	6
1	752	320	13	4	0	0	3	4	5	6
1	752	352	13	4	0	0	3	4	5	6
1	752	368	13	4	0	0	3	4	5	6
1	768	368	13	4	0	0	3	4	6	7
1	784	368	13	4	0	0	3	4	6	7
1	800	368	13	4	0	0	3	4	6	7
1	864	336	13	4	0	0	3	4	6	7
1	864	352	13	4	0	0	3	4	6	7
1	864	368	13	4	0	0	3	4	6	7
1	864	384	13	4	0	0	4	5	6	7
1	880	384	13	4	0	0	4	5	6	7
1	896	384	13	4	0	0	4	5	7	8
1	944	336	13	4	0	0	3	4	7	8
1	944	352	13	4	0	0	3	4	7	8
1	960	352	13	4	1	1	3	4	7	8
1	960	400	13	4	0	0	4	5	7	8
1	976	400	13	4	0	0	4	5	7	8
1	992	400	13	4	0	0	4	5	7	8
1	1008	400	13	4	0	0	4	5	7	8
1	1008	352	13	4	2	5	3	4	7	8
1	1024	352	13	4	0	0	3	4	8	9
1	1040	352	13	4	0	0	3	4	8	9
1	1056	352	13	4	0	0	3	4	8	9
1	1072	352	13	4	0	0	3	4	8	9
1	1152	384	13	4	0	0	4	5	9	10
1	1168	384	13	4	0	0	4	5	9	10
1	1184	384	13	4	0	0	4	5	9	10
1	1200	384	13	4	0	0	4	5	9	10
1	1216	384	13	4	0	0	4	5	9	10
1	1184	304	13	4	0	0	3	4	9	10
1	1200	304	13	4	0	0	3	4	9	10
1	1216	304	13	4	0	0	3	4	9	10
1	1232	304	13	4	0	0	3	4	9	10
1	1264	368	13	4	0	0	3	4	9	10
1	1280	368	13	4	0	0	3	4	10	11
1	1392	304	13	4	0	0	3	4	10	11
1	1408	304	13	4	0	0	3	4	11	12
1	1424	304	13	4	0	0	3	4	11	12
1	1536	288	13	4	2	4	3	4	12	13
1	1536	304	13	4	0	0	3	4	12	13
1	1536	368	13	4	0	0	3	4	12	13
1	1536	384	13	4	0	0	4	5	12	13
1	1536	400	13	4	0	0	4	5	12	13
1	1552	400	13	4	0	0	4	5	12	13
1	1568	400	13	4	0	0	4	5	12	13
1	1584	400	13	4	0	0	4	5	12	13
1	1728	288	13	4	0	0	3	4	13	14
1	1728	304	13	4	0	0	3	4	13	14
1	1728	320	13	4	0	0	3	4	13	14
1	1776	368	13	4	0	0	3	4	13	14
1	1792	368	13	4	0	0	3	4	14	15
1	1808	368	13	4	2	10	3	4	14	15
100	2449.5	336	33	3	4	19	20
5	368	320	16	3	4	2	4
5	560	352	16	3	4	4	5
5	582	336	16	3	4	4	5
5	624	400	16	4	5	4	6
5	752	336	16	3	4	5	7
5	1088	384	16	4	5	8	9
5	1200	320	16	3	4	9	10
5	1376	352	16	3	4	10	12
5	1408	336	16	3	4	11	12
5	1552	304	16	3	4	12	13
5	1872	336	16	3	4	14	15
5	1904	384	16	4	5	14	16
5	1920	416	16	4	5	15	16
